1    1.6725966215e-04
2    1.4692833982e-04
3    1.1459511177e-04
4    8.1227558324e-05
5    4.9305373808e-05
6    2.8012889153e-05
7    2.1138496659e-05
8    1.8682135483e-05
9    1.5942507978e-05
10    1.3247851564e-05
11    1.0710468812e-05
12    8.6871134940e-06
13    7.2710767910e-06
14    6.1535283606e-06
15    5.1556788161e-06
16    4.2624939652e-06
17    3.4712388991e-06
18    2.7812980035e-06
19    2.2025965423e-06
20    1.7356271726e-06
21    1.3750579478e-06
22    1.1141411469e-06
23    9.3705316452e-07
24    8.2026819322e-07
25    7.3757431852e-07
26    6.6886253855e-07
27    6.0931877815e-07
28    5.6331185112e-07
29    5.2961736762e-07
30    4.9796933213e-07
31    4.5815877228e-07
32    4.0715587672e-07
33    3.4878178611e-07
34    2.8992605969e-07
35    2.3741634353e-07
36    1.9669740736e-07
37    1.7072701758e-07
38    1.5777110390e-07
39    1.5136968613e-07
40    1.4463410467e-07
41    1.3398301502e-07
42    1.1950866644e-07
43    1.0349083177e-07
44    8.8539421132e-08
45    7.6134577495e-08
46    6.6194349294e-08
47    5.7813612247e-08
48    5.0326553592e-08
49    4.3764558321e-08
50    3.8615172680e-08
51    3.5221071112e-08
52    3.3268612563e-08
53    3.1863265520e-08
54    3.0095912622e-08
55    2.7488783755e-08
56    2.4083781404e-08
57    2.0310042001e-08
58    1.6760957585e-08
59    1.3925063355e-08
60    1.1930703595e-08
61    1.0508763949e-08
62    9.2873117037e-09
63    8.1162415211e-09
64    7.1509460092e-09
65    6.7008044906e-09
66    6.8949992973e-09
67    7.4991395970e-09
68    8.1496162483e-09
69    8.5911732465e-09
70    8.7114017198e-09
71    8.5006424230e-09
72    8.0112029282e-09
73    7.3268307922e-09
74    6.5405323081e-09
75    5.7385661864e-09
76    4.9893811008e-09
77    4.3371557115e-09
78    3.8004425595e-09
79    3.3765098828e-09
80    3.0502190528e-09
81    2.8035092434e-09
82    2.6210564760e-09
83    2.4907164283e-09
84    2.4010303171e-09
85    2.3392165249e-09
86    2.2914444237e-09
87    2.2448255226e-09
88    2.1895206599e-09
89    2.1198704807e-09
90    2.0343810925e-09
91    1.9349212566e-09
92    1.8255722088e-09
93    1.7114582456e-09
94    1.5977454819e-09
95    1.4888910821e-09
96    1.3881643373e-09
97    1.2974326873e-09
98    1.2171902198e-09
99    1.1467864026e-09
100    1.0847858565e-09
101    1.0293704674e-09
102    9.7589650036e-10
103    9.2367687095e-10
104    8.7325326239e-10
105    8.2477823377e-10
106    7.7807201825e-10
107    7.3304656676e-10
108    6.8978461500e-10
109    6.4845554746e-10
110    6.0924586760e-10
111    5.7231083718e-10
112    5.3773700706e-10
113    5.0552459069e-10
114    4.7559151542e-10
115    4.4779151467e-10
116    4.2193839312e-10
117    3.9783086986e-10
118    3.7527379368e-10
119    3.5409308873e-10
120    3.3414366302e-10
121    3.1531108236e-10
122    2.9750871289e-10
123    2.8067220299e-10
124    2.6475300174e-10
125    2.4971217629e-10
126    2.3551530530e-10
127    2.2212880086e-10
128    2.0951770128e-10
129    1.9764476395e-10
130    1.8647056749e-10
131    1.7595425780e-10
132    1.6605465757e-10
133    1.5673141545e-10
134    1.4794600652e-10
135    1.3966246154e-10
136    1.3184777328e-10
137    1.2447201528e-10
138    1.1750819916e-10
139    1.1093197025e-10
140    1.0472123009e-10
141    9.8855726995e-11
142    9.3316686221e-11
143    8.8086508570e-11
144    8.3148542092e-11
145    7.8486924810e-11
146    7.4086508912e-11
147    6.9932815605e-11
148    6.6012030250e-11
149    6.2311012414e-11
150    5.8817301507e-11
151    5.5519130372e-11
152    5.2405411420e-11
153    4.9465719241e-11
154    4.6690261889e-11
155    4.4069850217e-11
156    4.1595847017e-11
157    3.9260126061e-11
158    3.7055038281e-11
159    3.4973360001e-11
160    3.3008269785e-11
161    3.1153317561e-11
162    2.9402397314e-11
163    2.7749727903e-11
164    2.6189842950e-11
165    2.4717557287e-11
166    2.3327980022e-11
167    2.2016472744e-11
168    2.0778663559e-11
169    1.9610414924e-11
170    1.8507827624e-11
171    1.7467214059e-11
172    1.6485095843e-11
173    1.5558193277e-11
174    1.4683401132e-11
175    1.3857799284e-11
176    1.3078625855e-11
177    1.2343269578e-11
178    1.1649274742e-11
179    1.0994311486e-11
180    1.0376189282e-11
181    9.7928349679e-12
182    9.2422909069e-12
183    8.7227147807e-12
184    8.2323590500e-12
185    7.7695841252e-12
186    7.3328337617e-12
187    6.9206450436e-12
188    6.5316323096e-12
189    6.1644951673e-12
190    5.8180017111e-12
191    5.4909868710e-12
192    5.1823592087e-12
193    4.8910826692e-12
194    4.6161800551e-12
195    4.3567313746e-12
196    4.1118675824e-12
197    3.8807669970e-12
198    3.6626579335e-12
199    3.4568078171e-12
200    3.2625280571e-12
201    3.0791683078e-12
202    2.9061140457e-12
203    2.7427847041e-12
204    2.5886354962e-12
205    2.4431493889e-12
206    2.3058405361e-12
207    2.1762469903e-12
208    2.0539369194e-12
209    1.9385011973e-12
210    1.8295537305e-12
211    1.7267291590e-12
212    1.6296818269e-12
213    1.5380906050e-12
214    1.4516451177e-12
215    1.3700585041e-12
216    1.2930571111e-12
217    1.2203826607e-12
218    1.1517932197e-12
219    1.0870578983e-12
220    1.0259609157e-12
221    9.6829732101e-13
222    9.1387584358e-13
223    8.6251287760e-13
224    8.1403539646e-13
225    7.6828248875e-13
226    7.2510386128e-13
227    6.8434857623e-13
228    6.4588498424e-13
229    6.0958282842e-13
230    5.7532174758e-13
231    5.4298586777e-13
232    5.1246792902e-13
233    4.8366370037e-13
234    4.5647874463e-13
235    4.3082298645e-13
236    4.0660936015e-13
237    3.8375579993e-13
238    3.6218799967e-13
239    3.4183149110e-13
240    3.2261797932e-13
241    3.0448590109e-13
242    2.8737249961e-13
243    2.7122130237e-13
244    2.5597697680e-13
245    2.4158963181e-13
246    2.2801150325e-13
247    2.1519651295e-13
248    2.0310213544e-13
249    1.9168679075e-13
250    1.8091291019e-13
251    1.7074495686e-13
252    1.6114734130e-13
253    1.5209042970e-13
254    1.4354162643e-13
255    1.3547379483e-13
256    1.2780737613e-13
257    1.2054142895e-13
258    1.1364868867e-13
259    1.0714583651e-13
260    1.0099677193e-13
261    9.5141695684e-14
262    8.9685428274e-14
263    8.4493108380e-14
264    7.9603883701e-14
265    7.4998156019e-14
266    7.0676879879e-14
267    6.6600916671e-14
268    6.2766518269e-14
269    5.9073356933e-14
270    5.5677071598e-14
271    5.2414854096e-14
272    4.9416980572e-14
273    4.6514693864e-14
274    4.3856110954e-14
275    4.1264503724e-14
276    3.8903424480e-14
277    3.6680900746e-14
278    3.4563987519e-14
279    3.2541632773e-14
280    3.0627784519e-14
281    2.8814756523e-14
282    2.7097377170e-14
283    2.5469214415e-14
284    2.3930394765e-14
285    2.2590845395e-14
286    2.1308057274e-14
287    2.0038428290e-14
288    1.8929116454e-14
289    1.7712292259e-14
290    1.6661946364e-14
291    1.5792543565e-14
292    1.4919588338e-14
293    1.3998043970e-14
294    1.3215384284e-14
295    1.2442662037e-14
296    1.1634073741e-14
297    1.0970761979e-14
298    1.0435866378e-14
299    9.8566893236e-15
300    9.3586845347e-15
301    8.7926976684e-15
302    8.3070070357e-15
303    7.9179675371e-15
304    7.4700305655e-15
305    7.1008265105e-15
306    6.6561242370e-15
307    6.2732005121e-15
308    5.9774889158e-15
309    5.7463230458e-15
310    5.4338028164e-15
311    5.1798306916e-15
312    4.9738791554e-15
313    4.6554440189e-15
314    4.3795493494e-15
315    4.1619582612e-15
316    4.0118835732e-15
317    3.9009714803e-15
318    3.6928433002e-15
319    3.5441571911e-15
320    3.4208026859e-15
321    3.3182938474e-15
322    3.2261946094e-15
323    2.9732244129e-15
324    2.7895826490e-15
325    2.6485041112e-15
326    2.5502389576e-15
327    2.4914207695e-15
328    2.4487657636e-15
329    2.4109714781e-15
330    2.3669812902e-15
331    2.2601301491e-15
332    2.1802250767e-15
333    2.1189469771e-15
334    2.0654227397e-15
335    2.0205715876e-15
336    1.9735248435e-15
337    1.9289740908e-15
338    1.8888439547e-15
339    1.8506606806e-15
340    1.8171595172e-15
341    1.7833147783e-15
342    1.7290970904e-15
343    1.5834169044e-15
344    1.4840989279e-15
345    1.4688297408e-15
346    1.4393820212e-15
347    1.4047298861e-15
348    1.3937931864e-15
349    1.3869575996e-15
350    1.3750321274e-15
351    1.3598368747e-15
352    1.3510904737e-15
353    1.3396511494e-15
354    1.3287066307e-15
355    1.3140674537e-15
356    1.3034524466e-15
357    1.2862149125e-15
358    1.2694975412e-15
359    1.2539926909e-15
360    1.2419265910e-15
361    1.2288830958e-15
362    1.3328391060e-15
363    1.2747468605e-15
364    1.2745960608e-15
365    1.3872541121e-15
366    1.3381481025e-15
367    1.2534994323e-15
368    1.2594389329e-15
369    1.2354948717e-15
370    1.2843355336e-15
371    1.2279544025e-15
372    1.2710073529e-15
373    1.3973678928e-15
374    1.3151867950e-15
375    1.2399074534e-15
376    1.2447359633e-15
377    1.2104865274e-15
378    1.2659057095e-15
379    1.1981462168e-15
380    1.2571986622e-15
381    1.3682867514e-15
382    1.2684609929e-15
383    1.2144061832e-15
384    1.2067871289e-15
385    1.2854861444e-15
386    1.3847353545e-15
387    1.3427866400e-15
388    1.2183480165e-15
389    1.1591305534e-15
390    1.3006956309e-15
391    1.3917735574e-15
392    1.2980776288e-15
393    1.1970546182e-15
394    1.3467552231e-15
395    1.1999903112e-15
396    1.2883798333e-15
397    1.3682636023e-15
398    1.2651132865e-15
399    1.1517396252e-15
400    1.1508212520e-15
401    1.2851393944e-15
402    1.2201146630e-15
403    1.1827552356e-15
404    1.1786293861e-15
405    1.2027261091e-15
406    1.1898236310e-15
407    1.1420624468e-15
408    1.2729924131e-15
409    1.2704403703e-15
410    1.1951763009e-15
411    1.2066463095e-15
412    1.1999962650e-15
413    1.2150077670e-15
414    1.2943609228e-15
415    1.3158413321e-15
416    1.2800705161e-15
417    1.2128865811e-15
418    1.1876422413e-15
419    1.2412099782e-15
420    1.3030731623e-15
421    1.3573417361e-15
422    1.1929308918e-15
423    1.1558306359e-15
424    1.2026819400e-15
425    1.2859531517e-15
426    1.4221609921e-15
427    1.2381254113e-15
428    1.4043059729e-15
429    1.1067516249e-15
430    1.2868890498e-15
431    1.4128204577e-15
432    1.2145226975e-15
433    1.1214870149e-15
434    1.3394957192e-15
435    1.2148103536e-15
436    1.1330615968e-15
437    1.3361539229e-15
438    1.1890358799e-15
439    1.1305885248e-15
440    1.1287996962e-15
441    1.0984273956e-15
442    1.0759219397e-15
443    1.3332390357e-15
444    1.1357321439e-15
445    1.0983036580e-15
446    1.1271798012e-15
447    1.1539688687e-15
448    1.1708437476e-15
449    1.1973509470e-15
450    1.2230144023e-15
451    1.2387529176e-15
452    1.3074704468e-15
453    1.2682430647e-15
454    1.3507446452e-15
455    1.2357674821e-15
456    1.2511848364e-15
457    1.1643411248e-15
458    1.3292898489e-15
459    1.3608828467e-15
460    1.2775897691e-15
461    1.0877864878e-15
462    1.3001142655e-15
463    1.4298325230e-15
464    1.2335580261e-15
465    1.1146664040e-15
466    1.2864838584e-15
467    1.4130554353e-15
468    1.1908148238e-15
469    1.3724666346e-15
470    1.1218361400e-15
471    1.3497330389e-15
472    1.1538800959e-15
473    1.2975350501e-15
474    1.4296149788e-15
475    1.2217736915e-15
476    1.2509082179e-15
477    1.3588679393e-15
478    1.1399481990e-15
479    1.3247354750e-15
480    1.1347107181e-15
481    1.3827622726e-15
482    1.4530138224e-15
483    1.1859530249e-15
484    1.4514207989e-15
485    1.1810904223e-15
486    1.0458429566e-15
487    1.2175954523e-15
488    1.3508426899e-15
489    1.1659921676e-15
490    1.4169271460e-15
491    1.1797505494e-15
492    1.4323461196e-15
493    1.2240972040e-15
494    1.0946750684e-15
495    1.2709404393e-15
496    1.4207130575e-15
497    1.3726584930e-15
498    1.2529424173e-15
499    1.2183061124e-15
500    1.1453903387e-15
501    1.3365594758e-15
502    1.3747071611e-15
503    1.2326471626e-15
504    1.4146777674e-15
505    1.1752584047e-15
506    1.3931658331e-15
507    1.4433509984e-15
508    1.1649805707e-15
509    1.4042305293e-15
510    1.1167567534e-15
511    1.4198321556e-15
512    1.1659583219e-15
513    9.8473820150e-16
